-0.640099 -0.0476791 -0.00368416 2.02653 -8.9407e-07 1.35102
-0.642665 -0.0351853 0.00178164 2.02653 -8.9407e-07 1.35102
-0.625444 -0.0451142 -0.00778794 2.02653 -8.9407e-07 1.35102
-0.643408 0.0423426 0.030472 2.02653 -8.9407e-07 1.35102
-0.625779 0.11354 -0.00707555 1.95747 -0.524504 1.35102
-0.627797 -0.112919 0.0243313 1.95747 0.524503 1.35102
-0.610789 -0.0425493 -0.0118918 2.02653 -8.9407e-07 1.35102
-0.628753 0.0449075 0.0263683 2.02653 -8.9407e-07 1.35102
-0.611411 0.115722 -0.0105672 1.95747 -0.524504 1.35102
-0.613093 -0.110288 0.0201232 1.95747 0.524503 1.35102
-0.596135 -0.0399844 -0.0159956 2.02653 -8.9407e-07 1.35102
-0.614098 0.0474725 0.0222643 2.02653 -8.9407e-07 1.35102
-0.5937 0.106445 -0.0211803 1.95747 -0.524504 1.35102
-0.587348 -0.204329 -0.00760221 1.95747 0.524503 1.35102
-0.598389 -0.107658 0.015915 1.95747 0.524503 1.35102
-0.578914 -0.0499133 -0.0255653 2.02653 -8.9407e-07 1.35102
-0.58148 -0.0374195 -0.0200995 2.02653 -8.9407e-07 1.35102
-0.596877 0.0375435 0.0126948 2.02653 -8.9407e-07 1.35102
-0.579333 0.108627 -0.024672 1.95747 -0.524504 1.35102
-0.572644 -0.201699 -0.0118104 1.95747 0.524503 1.35102
-0.564259 -0.0473484 -0.0296692 2.02653 -8.9407e-07 1.35102
-0.582222 0.0401084 0.00859094 2.02653 -8.9407e-07 1.35102
-0.55794 -0.199069 -0.0160186 1.95747 0.524503 1.35102
-0.567568 0.0426733 0.00448716 2.02653 -8.9407e-07 1.35102
-0.577347 0.204665 0.0253146 1.95747 -0.524504 1.35102
-0.554245 0.251327 -0.0238892 1.75502 -1.01326 1.35102
-0.558132 0.262063 -0.0156099 1.75502 -1.01326 1.35102
-0.558445 -0.264415 0.0121667 1.75502 1.01326 1.35102
-0.543236 -0.196439 -0.0202267 1.95747 0.524503 1.35102
-0.552913 0.0452383 0.000383198 2.02653 -8.9407e-07 1.35102
-0.559636 0.195388 0.0147015 1.95747 -0.524504 1.35102
-0.540316 0.252925 -0.026446 1.75502 -1.01326 1.35102
-0.545268 0.197571 0.0112098 1.95747 -0.524504 1.35102
-0.530901 0.199753 0.00771797 1.95747 -0.524504 1.35102
-0.497901 -0.347052 -0.00834846 1.75502 1.01326 1.35102
-0.483464 -0.344776 -0.0119901 1.75502 1.01326 1.35102
-0.501773 0.346798 0.0270051 1.75502 -1.01326 1.35102
-0.483957 0.33766 0.016169 1.75502 -1.01326 1.35102
-0.463104 0.381328 -0.0282438 1.43297 -1.43297 1.35102
-0.467319 0.391628 -0.0192671 1.43297 -1.43297 1.35102
-0.465526 -0.386604 0.00402218 1.43297 1.43297 1.35102
-0.470029 0.339258 0.0136123 1.75502 -1.01326 1.35102
-0.448784 -0.0471522 -0.00452733 1.72222 -2.68221e-07 1.72222
-0.434831 -0.0455208 -0.00713742 1.72222 -2.68221e-07 1.72222
-0.420877 -0.0438896 -0.00974727 1.72222 -2.68221e-07 1.72222
-0.436535 0.0466365 0.0236018 1.72222 -2.68221e-07 1.72222
-0.417835 0.103349 -0.0162264 1.59112 -0.659063 1.72222
-0.419292 -0.122362 0.013985 1.59112 0.659063 1.72222
-0.406924 -0.0422584 -0.0123574 1.72222 -2.68221e-07 1.72222
-0.420345 0.0353354 0.0162277 1.72222 -2.68221e-07 1.72222
-0.422582 0.0482678 0.0209918 1.72222 -2.68221e-07 1.72222
-0.404186 0.104575 -0.0181879 1.59112 -0.659063 1.72222
-0.407286 0.116359 -0.0115861 1.59112 -0.659063 1.72222
-0.40654 -0.10642 0.0139331 1.59112 0.659063 1.72222
-0.392971 -0.0406272 -0.0149672 1.72222 -2.68221e-07 1.72222
-0.406392 0.0369667 0.0136176 1.72222 -2.68221e-07 1.72222
-0.408628 0.049899 0.0183819 1.72222 -2.68221e-07 1.72222
-0.390537 0.105801 -0.0201494 1.59112 -0.659063 1.72222
-0.385558 -0.46136 -0.00364673 1.43297 1.43297 1.35102
-0.392683 -0.104917 0.0115294 1.59112 0.659063 1.72222
-0.379017 -0.0389959 -0.0175773 1.72222 -2.68221e-07 1.72222
-0.392438 0.0385979 0.0110077 1.72222 -2.68221e-07 1.72222
-0.378827 -0.103415 0.00912583 1.59112 0.659063 1.72222
-0.365064 -0.0373647 -0.0201873 1.72222 -2.68221e-07 1.72222
-0.378485 0.0402291 0.00839776 1.72222 -2.68221e-07 1.72222
-0.385332 0.460682 0.0229818 1.43297 -1.43297 1.35102
-0.389547 0.470981 0.0319586 1.43297 -1.43297 1.35102
-0.357241 -0.202993 -0.00974023 1.59112 0.659063 1.72222
-0.35111 -0.0357335 -0.0227972 1.72222 -2.68221e-07 1.72222
-0.364532 0.0418605 0.00578767 1.72222 -2.68221e-07 1.72222
-0.341532 0.470224 -0.0431979 1.01326 -1.75502 1.35102
-0.34589 0.480333 -0.0339154 1.01326 -1.75502 1.35102
-0.376138 0.471888 0.0305071 1.43297 -1.43297 1.35102
-0.347792 -0.493736 -0.0027566 1.01326 1.75502 1.35102
-0.346345 -0.475901 -0.00583744 1.01326 1.75502 1.35102
-0.343384 -0.201491 -0.0121439 1.59112 0.659063 1.72222
-0.350578 0.0434917 0.00317764 1.72222 -2.68221e-07 1.72222
-0.328672 0.470401 -0.0434802 1.01326 -1.75502 1.35102
-0.33303 0.480509 -0.0341977 1.01326 -1.75502 1.35102
-0.333384 -0.47559 -0.0063355 1.01326 1.75502 1.35102
-0.329528 -0.199989 -0.0145476 1.59112 0.659063 1.72222
-0.343991 0.194417 0.0162559 1.59112 -0.659063 1.72222
-0.323805 0.237197 -0.0267365 1.21779 -1.21779 1.72222
-0.327414 0.248303 -0.01905 1.21779 -1.21779 1.72222
-0.331023 0.259409 -0.0113635 1.21779 -1.21779 1.72222
-0.325269 -0.243082 0.00348997 1.21779 1.21779 1.72222
-0.330342 0.195643 0.0142944 1.59112 -0.659063 1.72222
-0.310699 0.237701 -0.0275427 1.21779 -1.21779 1.72222
-0.262845 -0.562899 0.00608003 1.01326 1.75502 1.35102
-0.245836 -0.318551 -0.00303888 1.21779 1.21779 1.72222
-0.242226 -0.0432774 -0.0107269 1.08922 -8.9407e-08 2.17845
-0.251938 0.532462 0.0099563 1.01326 -1.75502 1.35102
-0.256296 0.542571 0.0192387 1.01326 -1.75502 1.35102
-0.260654 0.552679 0.0285213 1.01326 -1.75502 1.35102
-0.265012 0.562787 0.0378038 1.01326 -1.75502 1.35102
-0.229262 -0.0429626 -0.0112306 1.08922 -8.9407e-08 2.17845
-0.240558 0.03746 0.0128284 1.08922 -8.9407e-08 2.17845
-0.244217 0.318968 0.0206203 1.21779 -1.21779 1.72222
-0.247826 0.330074 0.0283068 1.21779 -1.21779 1.72222
-0.252152 0.562964 0.0375214 1.01326 -1.75502 1.35102
-0.216298 -0.0426479 -0.0117341 1.08922 -8.9407e-08 2.17845
-0.227594 0.0377748 0.0123248 1.08922 -8.9407e-08 2.17845
-0.234719 0.330578 0.0275008 1.21779 -1.21779 1.72222
-0.199758 0.536215 -0.0469602 0.524503 -1.95747 1.35102
-0.204109 0.546333 -0.037693 0.524503 -1.95747 1.35102
-0.203432 -0.551581 -0.0120283 0.524504 1.95747 1.35102
-0.201526 -0.533135 -0.016086 0.524504 1.95747 1.35102
-0.203333 -0.0423331 -0.0122378 1.08922 -8.9407e-08 2.17845
-0.214629 0.0380896 0.0118211 1.08922 -8.9407e-08 2.17845
-0.191359 0.323624 -0.0377407 0.659064 -1.59112 1.72222
-0.19515 0.334488 -0.0296668 0.659064 -1.59112 1.72222
-0.198941 0.345352 -0.021593 0.659064 -1.59112 1.72222
-0.202732 0.356216 -0.0135192 0.659064 -1.59112 1.72222
-0.191797 0.545781 -0.0368091 0.524503 -1.95747 1.35102
-0.196148 0.555899 -0.027542 0.524503 -1.95747 1.35102
-0.200499 0.566017 -0.018275 0.524503 -1.95747 1.35102
-0.20485 0.576135 -0.00900793 0.524503 -1.95747 1.35102
-0.189555 -0.534142 -0.0144744 0.524504 1.95747 1.35102
-0.193211 -0.33218 -0.006688 0.659064 1.59112 1.72222
-0.190369 -0.0420183 -0.0127414 1.08922 -8.9407e-08 2.17845
-0.201665 0.0384043 0.0113176 1.08922 -8.9407e-08 2.17845
-0.184724 0.0927756 -0.0247648 0.770198 -0.770198 2.17845
-0.187453 0.105052 -0.0189509 0.770198 -0.770198 2.17845
-0.190183 0.117328 -0.0131371 0.770198 -0.770198 2.17845
-0.185027 -0.0995804 0.00299031 0.770198 0.770198 2.17845
-0.177404 -0.0417035 -0.0132451 1.08922 -8.9407e-08 2.17845
-0.188701 0.0387191 0.010814 1.08922 -8.9407e-08 2.17845
-0.172141 0.0925826 -0.024456 0.770198 -0.770198 2.17845
-0.17487 0.104859 -0.0186421 0.770198 -0.770198 2.17845
-0.172476 -0.0998153 0.00336623 0.770198 0.770198 2.17845
-0.16444 -0.0413888 -0.0137486 1.08922 -8.9407e-08 2.17845
-0.175736 0.0390338 0.0103103 1.08922 -8.9407e-08 2.17845
-0.151476 -0.041074 -0.0142522 1.08922 -8.9407e-08 2.17845
-0.162772 0.0393485 0.00980675 1.08922 -8.9407e-08 2.17845
-0.117926 -0.190432 -0.00438285 0.770198 0.770198 2.17845
-0.113378 -0.614978 0.0130386 0.524504 1.95747 1.35102
-0.111472 -0.596532 0.00898081 0.524504 1.95747 1.35102
-0.109567 -0.578086 0.00492316 0.524504 1.95747 1.35102
-0.110334 -0.404098 0.00655669 0.659064 1.59112 1.72222
-0.1095 -0.387078 0.00478059 0.659064 1.59112 1.72222
-0.105374 -0.190667 -0.00400698 0.770198 0.770198 2.17845
-0.118481 0.189635 0.0239072 0.770198 -0.770198 2.17845
-0.106347 0.571714 -0.00193536 0.524503 -1.95747 1.35102
-0.110698 0.581832 0.00733173 0.524503 -1.95747 1.35102
-0.092823 -0.190901 -0.00363111 0.770198 0.770198 2.17845
-0.0935471 -0.175955 -0.00208902 0.770198 0.770198 2.17845
-0.103168 0.177166 0.0184022 0.770198 -0.770198 2.17845
-0.105898 0.189442 0.024216 0.770198 -0.770198 2.17845
-0.105709 0.396521 0.023815 0.659064 -1.59112 1.72222
-0.1095 0.407385 0.0318888 0.659064 -1.59112 1.72222
-0.113291 0.418249 0.0399627 0.659064 -1.59112 1.72222
-0.107087 0.601516 0.0267499 0.524503 -1.95747 1.35102
-0.111438 0.611634 0.0360169 0.524503 -1.95747 1.35102
-0.11579 0.621752 0.045284 0.524503 -1.95747 1.35102
-0.0933148 0.189249 0.0245248 0.770198 -0.770198 2.17845
-0.0482418 0.359584 -0.0443653 0 -1.72222 1.72222
-0.0434668 0.55686 -0.0545353 -2.68221e-07 -2.02653 1.35102
-0.0476876 0.567151 -0.0455457 -2.68221e-07 -2.02653 1.35102
-0.0496745 -0.59795 -0.0142052 8.04663e-07 2.02653 1.35102
-0.0477288 -0.57945 -0.0183493 8.04663e-07 2.02653 1.35102
-0.0457831 -0.56095 -0.0224935 8.04663e-07 2.02653 1.35102
-0.0499667 -0.39151 -0.0135829 0 1.72222 1.72222
-0.0489215 -0.374209 -0.0158091 0 1.72222 1.72222
-0.0478763 -0.356908 -0.0180353 0 1.72222 1.72222
-0.041674 0.160465 -0.0312451 0 -1.08923 2.17845
-0.0445468 0.172551 -0.0251265 0 -1.08923 2.17845
-0.0474196 0.184637 -0.0190078 0 -1.08923 2.17845
-0.0364279 0.358368 -0.0424184 0 -1.72222 1.72222
-0.0401331 0.369345 -0.0345269 0 -1.72222 1.72222
-0.0438383 0.380323 -0.0266354 0 -1.72222 1.72222
-0.0475435 0.391301 -0.018744 0 -1.72222 1.72222
-0.0359028 0.565896 -0.0435369 -2.68221e-07 -2.02653 1.35102
-0.0401236 0.576187 -0.0345473 -2.68221e-07 -2.02653 1.35102
-0.0443444 0.586478 -0.0255576 -2.68221e-07 -2.02653 1.35102
-0.0485652 0.59677 -0.0165679 -2.68221e-07 -2.02653 1.35102
-0.0425334 -0.637207 -0.0023061 8.04663e-07 2.02653 1.35102
-0.0405877 -0.618707 -0.0064503 8.04663e-07 2.02653 1.35102
-0.038642 -0.600207 -0.0105944 8.04663e-07 2.02653 1.35102
-0.0366962 -0.581707 -0.0147386 8.04663e-07 2.02653 1.35102
-0.041815 -0.445332 -0.00383627 0 1.72222 1.72222
-0.0407698 -0.428031 -0.00606239 0 1.72222 1.72222
-0.0397246 -0.410729 -0.0082885 0 1.72222 1.72222
-0.0386794 -0.393428 -0.0105146 0 1.72222 1.72222
-0.0376342 -0.376127 -0.0127407 0 1.72222 1.72222
-0.036589 -0.358826 -0.0149668 0 1.72222 1.72222
-0.0391353 -0.234936 -0.00954366 -8.9407e-08 1.08922 2.17845
-0.0393144 -0.219264 -0.00916219 -8.9407e-08 1.08922 2.17845
-0.0394936 -0.203593 -0.00878048 -8.9407e-08 1.08922 2.17845
-0.0396728 -0.187922 -0.00839901 -8.9407e-08 1.08922 2.17845
-0.0398519 -0.17225 -0.00801742 -8.9407e-08 1.08922 2.17845
-0.0400311 -0.156579 -0.00763583 -8.9407e-08 1.08922 2.17845
-0.0355965 0.183433 -0.0170808 0 -1.08923 2.17845
-0.0384693 0.195518 -0.0109621 0 -1.08923 2.17845
-0.0413421 0.207604 -0.00484347 0 -1.08923 2.17845
-0.044215 0.21969 0.00127524 0 -1.08923 2.17845
-0.0470878 0.231776 0.00739384 0 -1.08923 2.17845
-0.0499606 0.243861 0.0135126 0 -1.08923 2.17845
-0.0357296 0.390084 -0.0167972 0 -1.72222 1.72222
-0.0394348 0.401062 -0.00890577 0 -1.72222 1.72222
-0.04314 0.41204 -0.00101423 0 -1.72222 1.72222
-0.0468452 0.423017 0.00687718 0 -1.72222 1.72222
-0.0367803 0.595514 -0.0145594 -2.68221e-07 -2.02653 1.35102
-0.0410012 0.605806 -0.00556958 -2.68221e-07 -2.02653 1.35102
-0.045222 0.616097 0.00342005 -2.68221e-07 -2.02653 1.35102
-0.0494428 0.626388 0.0124097 -2.68221e-07 -2.02653 1.35102
-0.0352647 0.230571 0.00932097 0 -1.08923 2.17845
-0.0381375 0.242657 0.0154396 0 -1.08923 2.17845
-0.0350313 0.421801 0.00882405 0 -1.72222 1.72222
-0.0387365 0.432778 0.0167155 0 -1.72222 1.72222
-0.0424417 0.443756 0.024607 0 -1.72222 1.72222
-0.037658 0.625133 0.0144184 -2.68221e-07 -2.02653 1.35102
-0.0418788 0.635424 0.0234081 -2.68221e-07 -2.02653 1.35102
-0.0460996 0.645716 0.0323977 -2.68221e-07 -2.02653 1.35102
0.041088 0.152035 -0.017756 0 -1.08923 2.17845
0.0382152 0.16412 -0.0116372 0 -1.08923 2.17845
0.0353423 0.176206 -0.00551856 0 -1.08923 2.17845
0.0425636 0.360828 -0.0208988 0 -1.72222 1.72222
0.0388585 0.371806 -0.0130075 0 -1.72222 1.72222
0.0351533 0.382783 -0.00511599 0 -1.72222 1.72222
0.0465912 0.557108 -0.0294768 -2.68221e-07 -2.02653 1.35102
0.0423704 0.567399 -0.0204872 -2.68221e-07 -2.02653 1.35102
0.0381495 0.577691 -0.0114974 -2.68221e-07 -2.02653 1.35102
0.0366408 -0.634504 0.0188245 8.04663e-07 2.02653 1.35102
0.0385865 -0.616004 0.0146804 8.04663e-07 2.02653 1.35102
0.0405323 -0.597504 0.0105363 8.04663e-07 2.02653 1.35102
0.042478 -0.579004 0.00639212 8.04663e-07 2.02653 1.35102
0.0444237 -0.560504 0.00224805 8.04663e-07 2.02653 1.35102
0.0382411 -0.441455 0.0154159 0 1.72222 1.72222
0.0392864 -0.424153 0.0131898 0 1.72222 1.72222
0.0403316 -0.406852 0.0109636 0 1.72222 1.72222
0.0413768 -0.389551 0.0087375 0 1.72222 1.72222
0.042422 -0.372249 0.00651133 0 1.72222 1.72222
0.0434672 -0.354948 0.00428516 0 1.72222 1.72222
0.0417477 -0.245868 0.00794756 -8.9407e-08 1.08922 2.17845
0.0415685 -0.230196 0.00832915 -8.9407e-08 1.08922 2.17845
0.0413893 -0.214525 0.0087108 -8.9407e-08 1.08922 2.17845
0.0412102 -0.198854 0.00909239 -8.9407e-08 1.08922 2.17845
0.041031 -0.183182 0.00947398 -8.9407e-08 1.08922 2.17845
0.0408518 -0.167511 0.00985557 -8.9407e-08 1.08922 2.17845
0.0406727 -0.151839 0.0102371 -8.9407e-08 1.08922 2.17845
0.0471655 0.175002 -0.00359154 0 -1.08923 2.17845
0.0442926 0.187087 0.00252718 0 -1.08923 2.17845
0.0414198 0.199173 0.00864577 0 -1.08923 2.17845
0.038547 0.211259 0.0147645 0 -1.08923 2.17845
0.0356742 0.223345 0.0208831 0 -1.08923 2.17845
0.0469671 0.381567 -0.00316906 0 -1.72222 1.72222
0.043262 0.392544 0.0047223 0 -1.72222 1.72222
0.0395568 0.403522 0.0126138 0 -1.72222 1.72222
0.0358516 0.4145 0.0205052 0 -1.72222 1.72222
0.0499344 0.576435 -0.00948894 -2.68221e-07 -2.02653 1.35102
0.0457135 0.586727 -0.000499129 -2.68221e-07 -2.02653 1.35102
0.0414927 0.597018 0.00849056 -2.68221e-07 -2.02653 1.35102
0.0372719 0.607309 0.0174803 -2.68221e-07 -2.02653 1.35102
0.0476733 -0.636761 0.0224352 8.04663e-07 2.02653 1.35102
0.0496191 -0.618261 0.0182911 8.04663e-07 2.02653 1.35102
0.0495284 -0.443372 0.0184842 0 1.72222 1.72222
0.0474973 0.22214 0.0228102 0 -1.08923 2.17845
0.0446245 0.234226 0.0289289 0 -1.08923 2.17845
0.0417517 0.246312 0.0350475 0 -1.08923 2.17845
0.0476654 0.413283 0.0224521 0 -1.72222 1.72222
0.0439603 0.424261 0.0303435 0 -1.72222 1.72222
0.0402551 0.435239 0.038235 0 -1.72222 1.72222
0.0365499 0.446216 0.0461265 0 -1.72222 1.72222
0.0490568 0.606054 0.0194888 -2.68221e-07 -2.02653 1.35102
0.0448359 0.616345 0.0284785 -2.68221e-07 -2.02653 1.35102
0.0406151 0.626637 0.0374682 -2.68221e-07 -2.02653 1.35102
0.0363943 0.636928 0.0464579 -2.68221e-07 -2.02653 1.35102
0.0483637 0.444999 0.0480734 0 -1.72222 1.72222
0.0481792 0.635673 0.0484664 -2.68221e-07 -2.02653 1.35102
0.0439583 0.645964 0.0574563 -2.68221e-07 -2.02653 1.35102
0.0944869 -0.178763 -0.0230534 -0.770198 0.770198 2.17845
0.106599 -0.57733 -0.0217425 -0.524503 1.95747 1.35102
0.104381 -0.405273 -0.017018 -0.659064 1.59112 1.72222
0.10509 -0.38842 -0.0185279 -0.659064 1.59112 1.72222
0.105276 -0.181344 -0.0189233 -0.770198 0.770198 2.17845
0.0974306 0.174141 -0.00221455 -0.770198 -0.770198 2.17845
0.0950239 0.186847 0.00291139 -0.770198 -0.770198 2.17845
0.104436 0.374385 -0.0171345 -0.659063 -1.59112 1.72222
0.105328 0.582401 -0.0190338 -0.524504 -1.95747 1.35102
0.1136 -0.616773 -0.00954485 -0.524503 1.95747 1.35102
0.115235 -0.598687 -0.0130259 -0.524503 1.95747 1.35102
0.114851 -0.408279 -0.0122088 -0.659064 1.59112 1.72222
0.106118 0.184673 0.00639093 -0.770198 -0.770198 2.17845
0.108825 0.395105 0.000625253 -0.659063 -1.59112 1.72222
0.105418 0.406479 0.0078823 -0.659063 -1.59112 1.72222
0.112626 0.591083 -0.00747001 -0.524504 -1.95747 1.35102
0.108638 0.601684 0.00102502 -0.524504 -1.95747 1.35102
0.116622 0.404451 0.011128 -0.659063 -1.59112 1.72222
0.113215 0.415825 0.0183851 -0.659063 -1.59112 1.72222
0.115936 0.610366 0.0125888 -0.524504 -1.95747 1.35102
0.111947 0.620967 0.0210838 -0.524504 -1.95747 1.35102
0.151567 -0.0432723 -0.036191 -1.08923 -8.9407e-08 2.17845
0.162238 -0.0460107 -0.0318096 -1.08923 -8.9407e-08 2.17845
0.15294 0.0370722 -0.012007 -1.08923 -8.9407e-08 2.17845
0.172908 -0.0487491 -0.027428 -1.08923 -8.9407e-08 2.17845
0.162061 0.048181 -0.00432515 -1.08923 -8.9407e-08 2.17845
0.18203 -0.0376404 -0.0197462 -1.08923 -8.9407e-08 2.17845
0.172732 0.0454425 5.63264e-05 -1.08923 -8.9407e-08 2.17845
0.176029 0.0975618 -0.00696695 -0.770198 -0.770198 2.17845
0.176441 -0.0938426 0.0192658 -0.770198 0.770198 2.17845
0.1927 -0.0403789 -0.0153645 -1.08923 -8.9407e-08 2.17845
0.183403 0.0427041 0.00443786 -1.08923 -8.9407e-08 2.17845
0.187124 0.0953872 -0.00348747 -0.770198 -0.770198 2.17845
0.184717 0.108093 0.00163853 -0.770198 -0.770198 2.17845
0.193086 0.326062 -0.0161858 -0.659063 -1.59112 1.72222
0.189678 0.337437 -0.00892878 -0.659063 -1.59112 1.72222
0.196303 0.537174 -0.0230377 -0.524504 -1.95747 1.35102
0.192314 0.547774 -0.0145425 -0.524504 -1.95747 1.35102
0.19366 -0.549251 0.00969964 -0.524503 1.95747 1.35102
0.195294 -0.531166 0.00621861 -0.524503 1.95747 1.35102
0.192394 -0.328198 0.0123964 -0.659064 1.59112 1.72222
0.187852 -0.111505 0.0220702 -0.770198 0.770198 2.17845
0.187229 -0.0964239 0.0233957 -0.770198 0.770198 2.17845
0.203371 -0.0431172 -0.0109831 -1.08923 -8.9407e-08 2.17845
0.194073 0.0399656 0.0088194 -1.08923 -8.9407e-08 2.17845
0.200882 0.335408 -0.00568306 -0.659063 -1.59112 1.72222
0.197475 0.346782 0.00157392 -0.659063 -1.59112 1.72222
0.203601 0.545856 -0.0114738 -0.524504 -1.95747 1.35102
0.199613 0.556457 -0.0029788 -0.524504 -1.95747 1.35102
0.202295 -0.570609 0.0184161 -0.524503 1.95747 1.35102
0.20393 -0.552523 0.0149352 -0.524503 1.95747 1.35102
0.201446 -0.364911 0.0202256 -0.659064 1.59112 1.72222
0.202155 -0.348057 0.0187155 -0.659064 1.59112 1.72222
0.202864 -0.331204 0.0172057 -0.659064 1.59112 1.72222
0.214042 -0.0458557 -0.00660169 -1.08923 -8.9407e-08 2.17845
0.204744 0.0372272 0.0132008 -1.08923 -8.9407e-08 2.17845
0.201865 0.367502 0.0193338 -0.659063 -1.59112 1.72222
0.202923 0.57574 0.0170801 -0.524504 -1.95747 1.35102
0.236299 -0.319549 -0.0268974 -1.21779 1.21779 1.72222
0.224712 -0.0485941 -0.00222015 -1.08923 -8.9407e-08 2.17845
0.213865 0.0483359 0.0208827 -1.08923 -8.9407e-08 2.17845
0.246289 -0.323194 -0.0210657 -1.21779 1.21779 1.72222
0.233834 -0.0374854 0.00546181 -1.08923 -8.9407e-08 2.17845
0.224536 0.0455976 0.0252641 -1.08923 -8.9407e-08 2.17845
0.237803 0.317816 -0.00299191 -1.21779 -1.21779 1.72222
0.234865 0.329816 0.00326449 -1.21779 -1.21779 1.72222
0.257309 -0.564116 -0.0174284 -1.01326 1.75502 1.35102
0.258395 -0.54676 -0.0197421 -1.01326 1.75502 1.35102
0.256279 -0.326839 -0.0152342 -1.21779 1.21779 1.72222
0.244504 -0.0402238 0.00984329 -1.08923 -8.9407e-08 2.17845
0.235207 0.0428591 0.0296457 -1.08923 -8.9407e-08 2.17845
0.245533 0.327074 0.00765181 -1.21779 -1.21779 1.72222
0.25233 0.54295 -0.00682378 -1.01326 -1.75502 1.35102
0.267043 -0.568101 -0.0110525 -1.01326 1.75502 1.35102
0.245877 0.0401207 0.0340272 -1.08923 -8.9407e-08 2.17845
0.259487 0.551444 0.00504088 -1.01326 -1.75502 1.35102
0.255818 0.56247 0.0128551 -1.01326 -1.75502 1.35102
0.266644 0.559939 0.0169054 -1.01326 -1.75502 1.35102
0.306437 -0.233415 0.0134783 -1.21779 1.21779 1.72222
0.328429 -0.18823 -0.0333617 -1.59112 0.659063 1.72222
0.321015 0.183738 -0.0175695 -1.59112 -0.659063 1.72222
0.316498 0.241365 -0.00795007 -1.21779 -1.21779 1.72222
0.316427 -0.237059 0.0193099 -1.21779 1.21779 1.72222
0.338265 -0.19208 -0.0272013 -1.59112 0.659063 1.72222
0.350008 -0.0491694 -0.0522114 -1.72222 0 1.72222
0.328925 0.193235 -0.0073086 -1.59112 -0.659063 1.72222
0.327166 0.238623 -0.00356281 -1.21779 -1.21779 1.72222
0.324229 0.250623 0.00269371 -1.21779 -1.21779 1.72222
0.335631 0.47263 -0.0215919 -1.01326 -1.75502 1.35102
0.333054 -0.470518 0.0110058 -1.01326 1.75502 1.35102
0.326417 -0.240704 0.0251414 -1.21779 1.21779 1.72222
0.3481 -0.19593 -0.0210408 -1.59112 0.659063 1.72222
0.358354 -0.0390921 -0.0428793 -1.72222 0 1.72222
0.336835 0.202732 0.00295246 -1.59112 -0.659063 1.72222
0.331959 0.259881 0.0133374 -1.21779 -1.21779 1.72222
0.346457 0.470099 -0.0175414 -1.01326 -1.75502 1.35102
0.342788 0.481125 -0.00972736 -1.01326 -1.75502 1.35102
0.341702 -0.491859 0.0196953 -1.01326 1.75502 1.35102
0.342788 -0.474503 0.0173815 -1.01326 1.75502 1.35102
0.357936 -0.199781 -0.0148804 -1.59112 0.659063 1.72222
0.368294 -0.0428036 -0.0369409 -1.72222 0 1.72222
0.358733 0.0399293 -0.0165783 -1.72222 0 1.72222
0.347069 0.199412 0.00826317 -1.59112 -0.659063 1.72222
0.349946 0.489619 0.00213742 -1.01326 -1.75502 1.35102
0.346277 0.500645 0.00995153 -1.01326 -1.75502 1.35102
0.377974 -0.460519 -0.0304492 -1.43297 1.43297 1.35102
0.378233 -0.0465151 -0.0310024 -1.72222 0 1.72222
0.368673 0.0362177 -0.0106399 -1.72222 0 1.72222
0.387396 -0.464918 -0.0234094 -1.43297 1.43297 1.35102
0.37212 -0.103415 0.00912571 -1.59112 0.659063 1.72222
0.38658 -0.0364378 -0.0216702 -1.72222 0 1.72222
0.377019 0.046295 -0.00130773 -1.72222 0 1.72222
0.37796 0.461205 -0.00331211 -1.43297 -1.43297 1.35102
0.374689 0.472761 0.00365508 -1.43297 -1.43297 1.35102
0.396819 -0.469318 -0.0163695 -1.43297 1.43297 1.35102
0.381956 -0.107265 0.0152862 -1.59112 0.659063 1.72222
0.396519 -0.0401493 -0.0157318 -1.72222 0 1.72222
0.386959 0.0425836 0.00463068 -1.72222 0 1.72222
0.391718 0.112559 -0.00550652 -1.59112 -0.659063 1.72222
0.385096 0.469672 0.00859714 -1.43297 -1.43297 1.35102
0.391791 -0.111116 0.0214466 -1.59112 0.659063 1.72222
0.406459 -0.0438609 -0.0097934 -1.72222 0 1.72222
0.396898 0.038872 0.0105692 -1.72222 0 1.72222
0.401953 0.10924 -0.000195861 -1.59112 -0.659063 1.72222
0.395504 0.466583 0.0135391 -1.43297 -1.43297 1.35102
0.401627 -0.114966 0.027607 -1.59112 0.659063 1.72222
0.416399 -0.0475723 -0.00385499 -1.72222 0 1.72222
0.406838 0.0351605 0.0165076 -1.72222 0 1.72222
0.405245 0.0489493 0.0199013 -1.72222 0 1.72222
0.412187 0.105921 0.00511485 -1.59112 -0.659063 1.72222
0.409863 0.118737 0.0100651 -1.59112 -0.659063 1.72222
0.411462 -0.118816 0.0337675 -1.59112 0.659063 1.72222
0.410679 -0.10395 0.0354367 -1.59112 0.659063 1.72222
0.424745 -0.037495 0.00547713 -1.72222 0 1.72222
0.415185 0.0452378 0.0258397 -1.72222 0 1.72222
0.434685 -0.0412065 0.0114155 -1.72222 0 1.72222
0.425124 0.0415263 0.0317782 -1.72222 0 1.72222
0.449625 0.376429 -0.0204054 -1.43297 -1.43297 1.35102
0.446827 -0.376094 0.0126625 -1.43297 1.43297 1.35102
0.444625 -0.0449181 0.017354 -1.72222 0 1.72222
0.435064 0.0378148 0.0377166 -1.72222 0 1.72222
0.456762 0.384896 -0.00849617 -1.43297 -1.43297 1.35102
0.45625 -0.380494 0.0197024 -1.43297 1.43297 1.35102
0.44341 0.0478921 0.0470487 -1.72222 0 1.72222
0.471329 0.339615 -0.0124147 -1.75502 -1.01326 1.35102
0.467169 0.381807 -0.00355411 -1.43297 -1.43297 1.35102
0.463898 0.393363 0.00341314 -1.43297 -1.43297 1.35102
0.465672 -0.384894 0.0267423 -1.43297 1.43297 1.35102
0.481367 0.336034 -0.00668478 -1.75502 -1.01326 1.35102
0.478566 0.348215 -0.000718117 -1.75502 -1.01326 1.35102
0.488603 0.344634 0.00501186 -1.75502 -1.01326 1.35102
0.537634 -0.196741 -0.0451996 -1.95747 0.524505 1.35102
0.505877 0.349652 0.0224382 -1.75502 -1.01326 1.35102
0.546969 -0.201258 -0.037972 -1.95747 0.524505 1.35102
0.555736 -0.0463979 -0.0566459 -2.02653 -1.78814e-07 1.35102
0.536285 0.198178 -0.0152172 -1.95747 -0.524503 1.35102
0.534764 -0.250357 0.0151294 -1.75502 1.01326 1.35102
0.56356 -0.0370163 -0.0462005 -2.02653 -1.78814e-07 1.35102
0.553595 0.0451779 -0.024976 -2.02653 -1.78814e-07 1.35102
0.54601 0.194181 -0.00882244 -1.95747 -0.524503 1.35102
0.545562 0.257224 -0.00786829 -1.75502 -1.01326 1.35102
0.544067 -0.254917 0.0224257 -1.75502 1.01326 1.35102
0.564636 -0.195716 -0.021384 -1.95747 0.524505 1.35102
0.573045 -0.0413337 -0.0392926 -2.02653 -1.78814e-07 1.35102
0.563079 0.0408604 -0.0180681 -2.02653 -1.78814e-07 1.35102
0.553473 0.203081 0.00239259 -1.95747 -0.524503 1.35102
0.5556 0.253643 -0.0021385 -1.75502 -1.01326 1.35102
0.553369 -0.259477 0.029722 -1.75502 1.01326 1.35102
0.57397 -0.200233 -0.0141563 -1.95747 0.524505 1.35102
0.582529 -0.0456511 -0.0323849 -2.02653 -1.78814e-07 1.35102
0.572564 0.036543 -0.0111603 -2.02653 -1.78814e-07 1.35102
0.579041 0.108805 -0.0249561 -1.95747 -0.524503 1.35102
0.563198 0.199085 0.00878739 -1.95747 -0.524503 1.35102
0.565638 0.250062 0.0035913 -1.75502 -1.01326 1.35102
0.562836 0.262243 0.00955796 -1.75502 -1.01326 1.35102
0.562671 -0.264037 0.0370182 -1.75502 1.01326 1.35102
0.583305 -0.20475 -0.0069288 -1.95747 0.524505 1.35102
0.592014 -0.0499686 -0.0254768 -2.02653 -1.78814e-07 1.35102
0.590353 -0.0362695 -0.0219395 -2.02653 -1.78814e-07 1.35102
0.580387 0.0459245 -0.000714898 -2.02653 -1.78814e-07 1.35102
0.58563 -0.107229 0.0152283 -1.95747 0.524505 1.35102
0.599837 -0.0405869 -0.0150317 -2.02653 -1.78814e-07 1.35102
0.589872 0.0416072 0.00619286 -2.02653 -1.78814e-07 1.35102
0.596229 0.113709 -0.00734615 -1.95747 -0.524503 1.35102
0.580386 0.203988 0.0263974 -1.95747 -0.524503 1.35102
0.594964 -0.111746 0.022456 -1.95747 0.524505 1.35102
0.609322 -0.0449043 -0.00812387 -2.02653 -1.78814e-07 1.35102
0.599357 0.0372897 0.0131008 -2.02653 -1.78814e-07 1.35102
0.605954 0.109712 -0.000951409 -1.95747 -0.524503 1.35102
0.604299 -0.116264 0.0296836 -1.95747 0.524505 1.35102
0.618806 -0.0492218 -0.00121582 -2.02653 -1.78814e-07 1.35102
0.617146 -0.0355227 0.00232148 -2.02653 -1.78814e-07 1.35102
0.60718 0.0466714 0.023546 -2.02653 -1.78814e-07 1.35102
0.61568 0.105715 0.00544327 -1.95747 -0.524503 1.35102
0.613417 0.118612 0.0102638 -1.95747 -0.524503 1.35102
0.612632 -0.106204 0.0390441 -1.95747 0.524505 1.35102
0.62663 -0.0398402 0.00922942 -2.02653 -1.78814e-07 1.35102
0.616665 0.042354 0.0304538 -2.02653 -1.78814e-07 1.35102
0.623142 0.114616 0.0166585 -1.95747 -0.524503 1.35102
0.621966 -0.110721 0.0462716 -1.95747 0.524505 1.35102
0.636115 -0.0441576 0.0161372 -2.02653 -1.78814e-07 1.35102
0.626149 0.0380366 0.0373617 -2.02653 -1.78814e-07 1.35102
0.645599 -0.048475 0.0230451 -2.02653 -1.78814e-07 1.35102
0.633973 0.0474182 0.047807 -2.02653 -1.78814e-07 1.35102
0.643458 0.0431008 0.0547149 -2.02653 -1.78814e-07 1.35102
