0.25 0.05 0.0389213 -0.1 0 -0.0485724
0.15 0.05 -0.00965113 0 -0.1 -0.0292702
0.15 -0.05 -0.0389213 0.1 0 0.0485724
0.25 -0.05 0.00965113 0 0.1 0.0292702

0.191421 0.191421 0.044427 -0.1 0 -0.0407862
0.0914214 0.191421 0.00364079 0 -0.1 -0.0480678
0.0914214 0.0914214 -0.044427 0.1 0 0.0407862
0.191421 0.0914214 -0.0036408 0 0.1 0.0480678

0.05 0.25 0.0389213 -0.1 0 -0.0219886
-0.05 0.25 0.0169327 0 -0.1 -0.055854
-0.05 0.15 -0.0389213 0.1 0 0.0219886
0.05 0.15 -0.0169327 0 0.1 0.055854

-0.0914214 0.191421 0.0256294 -0.1 0 -0.00319098
-0.191421 0.191421 0.0224384 0 -0.1 -0.0480678
-0.191421 0.0914214 -0.0256294 0.1 0 0.00319098
-0.0914214 0.0914214 -0.0224384 0 0.1 0.0480678

-0.15 0.05 0.0123375 -0.1 0 0.00459526
-0.25 0.05 0.0169327 0 -0.1 -0.0292702
-0.25 -0.05 -0.0123375 0.1 0 -0.00459526
-0.15 -0.05 -0.0169327 0 0.1 0.0292702

-0.0914214 -0.0914214 0.00683177 -0.1 0 -0.00319097
-0.191421 -0.0914214 0.00364079 0 -0.1 -0.0104726
-0.191421 -0.191421 -0.00683177 0.1 0 0.00319097
-0.0914214 -0.191421 -0.00364079 0 0.1 0.0104726

0.05 -0.15 0.0123375 -0.1 0 -0.0219886
-0.05 -0.15 -0.00965113 0 -0.1 -0.00268633
-0.05 -0.25 -0.0123375 0.1 0 0.0219886
0.05 -0.25 0.00965113 0 0.1 0.00268633

0.191421 -0.0914214 0.0256294 -0.1 0 -0.0407862
0.0914213 -0.0914214 -0.0151568 0 -0.1 -0.0104726
0.0914213 -0.191421 -0.0256294 0.1 0 0.0407862
0.191421 -0.191421 0.0151568 0 0.1 0.0104726

0.45 0.05 0.0524906 -0.1 0 -0.0720433
0.35 0.05 -0.0195528 0 -0.1 -0.0329378
0.35 -0.05 -0.0524906 0.1 0 0.0720433
0.45 -0.05 0.0195528 0 0.1 0.0329378

0.419552 0.203073 0.0597407 -0.1 0 -0.0684429
0.319552 0.203073 -0.00870216 0 -0.1 -0.0510385
0.319552 0.103073 -0.0597407 0.1 0 0.0684429
0.419552 0.103073 0.00870219 0 0.1 0.0510385

0.332843 0.332843 0.0622866 -0.1 0 -0.0581896
0.232843 0.332843 0.00409701 0 -0.1 -0.0663836
0.232843 0.232843 -0.0622866 0.1 0 0.0581896
0.332843 0.232843 -0.00409699 0 0.1 0.0663836

0.203073 0.419552 0.0597407 -0.1 0 -0.0428446
0.103073 0.419552 0.0168962 0 -0.1 -0.0766369
0.103073 0.319552 -0.0597407 0.1 0 0.0428446
0.203073 0.319552 -0.0168961 0 0.1 0.0766369

0.05 0.45 0.0524906 -0.1 0 -0.0247438
-0.05 0.45 0.0277468 0 -0.1 -0.0802373
-0.05 0.35 -0.0524906 0.1 0 0.0247438
0.05 0.35 -0.0277468 0 0.1 0.0802373

-0.103073 0.419552 0.0416399 -0.1 0 -0.00664303
-0.203073 0.419552 0.0349969 0 -0.1 -0.0766369
-0.203073 0.319552 -0.04164 0.1 0 0.00664303
-0.103073 0.319552 -0.0349969 0 0.1 0.0766369

-0.232843 0.332843 0.0288408 -0.1 0 0.00870202
-0.332843 0.332843 0.0375428 0 -0.1 -0.0663836
-0.332843 0.232843 -0.0288408 0.1 0 -0.00870202
-0.232843 0.232843 -0.0375428 0 0.1 0.0663836

-0.319552 0.203073 0.0160416 -0.1 0 0.0189553
-0.419552 0.203073 0.0349969 0 -0.1 -0.0510385
-0.419552 0.103073 -0.0160416 0.1 0 -0.0189553
-0.319552 0.103073 -0.0349969 0 0.1 0.0510385

-0.35 0.0500001 0.00519103 -0.1 0 0.0225557
-0.45 0.0500001 0.0277468 0 -0.1 -0.0329378
-0.45 -0.0499999 -0.00519102 0.1 0 -0.0225557
-0.35 -0.0499999 -0.0277468 0 0.1 0.0329378

-0.319552 -0.103073 -0.00205911 -0.1 0 0.0189553
-0.419552 -0.103073 0.0168962 0 -0.1 -0.014837
-0.419552 -0.203073 0.00205912 0.1 0 -0.0189553
-0.319552 -0.203073 -0.0168962 0 0.1 0.014837

-0.232843 -0.232843 -0.00460503 -0.1 0 0.00870204
-0.332843 -0.232843 0.00409701 0 -0.1 0.000508025
-0.332843 -0.332843 0.00460503 0.1 0 -0.00870204
-0.232843 -0.332843 -0.004097 0 0.1 -0.000508025

-0.103073 -0.319552 -0.00205912 -0.1 0 -0.00664304
-0.203073 -0.319552 -0.00870216 0 -0.1 0.0107613
-0.203073 -0.419552 0.00205912 0.1 0 0.00664304
-0.103073 -0.419552 0.00870216 0 0.1 -0.0107613

0.05 -0.35 0.00519103 -0.1 0 -0.0247438
-0.05 -0.35 -0.0195528 0 -0.1 0.0143617
-0.05 -0.45 -0.00519103 0.1 0 0.0247438
0.05 -0.45 0.0195528 0 0.1 -0.0143617

0.203073 -0.319552 0.0160416 -0.1 0 -0.0428446
0.103073 -0.319552 -0.0268029 0 -0.1 0.0107613
0.103073 -0.419552 -0.0160416 0.1 0 0.0428446
0.203073 -0.419552 0.0268029 0 0.1 -0.0107613

0.332843 -0.232843 0.0288408 -0.1 0 -0.0581896
0.232843 -0.232843 -0.0293488 0 -0.1 0.000508025
0.232843 -0.332843 -0.0288408 0.1 0 0.0581896
0.332843 -0.332843 0.0293488 0 0.1 -0.000508023

0.419552 -0.103073 0.04164 -0.1 0 -0.0684429
0.319552 -0.103073 -0.0268029 0 -0.1 -0.0148371
0.319552 -0.203073 -0.04164 0.1 0 0.0684429
0.419552 -0.203073 0.0268029 0 0.1 0.0148371

0.65 0.05 0.0631025 -0.1 0 -0.0895282
0.55 0.05 -0.0264257 0 -0.1 -0.0366769
0.55 -0.05 -0.0631026 0.1 0 0.0895282
0.65 -0.05 0.0264256 0 0.1 0.0366769

0.629556 0.205291 0.0700669 -0.1 0 -0.0874165
0.529555 0.205291 -0.0173496 0 -0.1 -0.0527173
0.529555 0.105291 -0.0700669 0.1 0 0.0874165
0.629556 0.105291 0.0173495 0 0.1 0.0527173

0.569615 0.35 0.0744449 -0.1 0 -0.0812251
0.469615 0.35 -0.0067802 0 -0.1 -0.0676647
0.469615 0.25 -0.0744448 0.1 0 0.0812251
0.569615 0.25 0.00678021 0 0.1 0.0676646

0.474264 0.474264 0.0759381 -0.1 0 -0.071376
0.374264 0.474264 0.00456207 0 -0.1 -0.0805002
0.374264 0.374264 -0.0759381 0.1 0 0.071376
0.474264 0.374264 -0.00456209 0 0.1 0.0805002

0.35 0.569615 0.0744449 -0.1 0 -0.0585405
0.25 0.569615 0.0159044 0 -0.1 -0.0903493
0.25 0.469615 -0.0744448 0.1 0 0.0585405
0.35 0.469615 -0.0159044 0 0.1 0.0903493

0.205291 0.629556 0.0700668 -0.1 0 -0.0435931
0.105291 0.629556 0.0264737 0 -0.1 -0.0965406
0.105291 0.529555 -0.0700669 0.1 0 0.0435931
0.205291 0.529555 -0.0264738 0 0.1 0.0965406

0.05 0.65 0.0631026 -0.1 0 -0.0275527
-0.05 0.65 0.0355498 0 -0.1 -0.0986524
-0.05 0.55 -0.0631025 0.1 0 0.0275527
0.05 0.55 -0.0355498 0 0.1 0.0986524

-0.105291 0.629556 0.0540265 -0.1 0 -0.0115123
-0.205291 0.629556 0.0425142 0 -0.1 -0.0965406
-0.205291 0.529556 -0.0540264 0.1 0 0.0115123
-0.105291 0.529556 -0.0425141 0 0.1 0.0965406

-0.25 0.569615 0.0434571 -0.1 0 0.00343499
-0.35 0.569615 0.0468921 0 -0.1 -0.0903492
-0.35 0.469615 -0.0434572 0.1 0 -0.00343499
-0.25 0.469615 -0.0468922 0 0.1 0.0903492

-0.374264 0.474264 0.0321148 -0.1 0 0.0162705
-0.474264 0.474264 0.0483854 0 -0.1 -0.0805002
-0.474264 0.374264 -0.0321148 0.1 0 -0.0162705
-0.374264 0.374264 -0.0483853 0 0.1 0.0805002

-0.469615 0.35 0.0207725 -0.1 0 0.0261196
-0.569615 0.35 0.0468921 0 -0.1 -0.0676647
-0.569615 0.25 -0.0207726 0.1 0 -0.0261196
-0.469615 0.25 -0.0468922 0 0.1 0.0676647

-0.529555 0.205292 0.0102032 -0.1 0 0.032311
-0.629555 0.205292 0.0425142 0 -0.1 -0.0527173
-0.629555 0.105292 -0.0102032 0.1 0 -0.0323109
-0.529555 0.105292 -0.0425141 0 0.1 0.0527173

-0.55 0.0500002 0.00112711 -0.1 0 0.0344227
-0.65 0.0500002 0.0355498 0 -0.1 -0.0366769
-0.65 -0.0499998 -0.0011271 0.1 0 -0.0344227
-0.55 -0.0499998 -0.0355498 0 0.1 0.0366769

-0.529556 -0.105291 -0.00583722 -0.1 0 0.032311
-0.629556 -0.105291 0.0264737 0 -0.1 -0.0206365
-0.629556 -0.205291 0.00583724 0.1 0 -0.032311
-0.529556 -0.205291 -0.0264737 0 0.1 0.0206365

-0.469615 -0.25 -0.0102152 -0.1 0 0.0261196
-0.569615 -0.25 0.0159044 0 -0.1 -0.0056892
-0.569615 -0.35 0.0102152 0.1 0 -0.0261196
-0.469615 -0.35 -0.0159044 0 0.1 0.0056892

-0.374264 -0.374264 -0.0117084 -0.1 0 0.0162706
-0.474264 -0.374264 0.00456211 0 -0.1 0.00714633
-0.474264 -0.474264 0.0117084 0.1 0 -0.0162706
-0.374264 -0.474264 -0.00456211 0 0.1 -0.00714633

-0.25 -0.469615 -0.0102152 -0.1 0 0.00343502
-0.35 -0.469615 -0.0067802 0 -0.1 0.0169954
-0.35 -0.569615 0.0102152 0.1 0 -0.00343502
-0.25 -0.569615 0.00678019 0 0.1 -0.0169954

-0.105292 -0.529555 -0.00583725 -0.1 0 -0.0115123
-0.205292 -0.529555 -0.0173495 0 -0.1 0.0231868
-0.205292 -0.629555 0.00583726 0.1 0 0.0115123
-0.105292 -0.629555 0.0173495 0 0.1 -0.0231868

0.0499997 -0.55 0.00112708 -0.1 0 -0.0275527
-0.0500003 -0.55 -0.0264256 0 -0.1 0.0252985
-0.0500003 -0.65 -0.00112708 0.1 0 0.0275527
0.0499997 -0.65 0.0264256 0 0.1 -0.0252985

0.205291 -0.529556 0.0102032 -0.1 0 -0.0435931
0.105291 -0.529556 -0.03339 0 -0.1 0.0231868
0.105291 -0.629556 -0.0102032 0.1 0 0.0435931
0.205291 -0.629556 0.03339 0 0.1 -0.0231868

0.35 -0.469615 0.0207725 -0.1 0 -0.0585404
0.25 -0.469615 -0.0377679 0 -0.1 0.0169954
0.25 -0.569615 -0.0207725 0.1 0 0.0585404
0.35 -0.569615 0.0377679 0 0.1 -0.0169954

0.474264 -0.374264 0.0321148 -0.1 0 -0.071376
0.374264 -0.374264 -0.0392612 0 -0.1 0.00714638
0.374264 -0.474264 -0.0321148 0.1 0 0.071376
0.474264 -0.474264 0.0392612 0 0.1 -0.00714638

0.569615 -0.25 0.0434571 -0.1 0 -0.0812251
0.469615 -0.25 -0.0377679 0 -0.1 -0.00568914
0.469615 -0.35 -0.0434571 0.1 0 0.0812251
0.569615 -0.35 0.037768 0 0.1 0.00568914

0.629555 -0.105292 0.0540265 -0.1 0 -0.0874164
0.529555 -0.105292 -0.0333899 0 -0.1 -0.0206364
0.529555 -0.205292 -0.0540264 0.1 0 0.0874164
0.629555 -0.205292 0.03339 0 0.1 0.0206364

