1.2 -3.32838e-08 5.32541e-08 -0.0108615 -0.161089 0.257743
1.18914 -0.161089 0.257743 -0.032388 -0.158173 0.253077
1.15675 -0.319262 0.510819 -0.0533282 -0.152394 0.24383
1.10342 -0.471656 0.754649 -0.0733029 -0.143855 0.230168
1.03012 -0.615511 0.984818 -0.0919506 -0.132713 0.212341
0.938169 -0.748224 1.19716 -0.108934 -0.119168 0.190669
0.829235 -0.867392 1.38783 -0.123945 -0.103466 0.165546
0.70529 -0.970859 1.55337 -0.136713 -0.0858912 0.137426
0.568577 -1.05675 1.6908 -0.147005 -0.0667614 0.106818
0.421572 -1.12351 1.79762 -0.154637 -0.046423 0.0742768
0.266935 -1.16993 1.87189 -0.159469 -0.0252441 0.0403906
0.107466 -1.19518 1.91229 -0.158084 -0.00375366 0.00600588
-0.0506186 -1.19893 1.91829 -0.150656 0.0159321 -0.0254914
-0.201275 -1.183 1.8928 -0.147448 0.0347871 -0.0556593
-0.348723 -1.14821 1.83714 -0.14189 0.0530876 -0.0849401
-0.490613 -1.09513 1.7522 -0.134071 0.0705419 -0.112867
-0.624683 -1.02458 1.63933 -0.124114 0.0868719 -0.138995
-0.748797 -0.937711 1.50034 -0.11218 0.101818 -0.162908
-0.860977 -0.835894 1.33743 -0.0984571 0.11514 -0.184224
-0.959434 -0.720754 1.15321 -0.0831656 0.126628 -0.202604
-1.0426 -0.594126 0.950602 -0.0665482 0.136097 -0.217755
-1.10915 -0.458029 0.732847 -0.0488706 0.143397 -0.229436
-1.15802 -0.314632 0.503411 -0.0304135 0.148412 -0.237459
-1.18843 -0.16622 0.265952 -0.0114722 0.151061 -0.241698
