6.717 45.3321
6.727 45.6831
6.737 46.0523
6.747 46.4379
6.757 46.8395
6.767 47.2551
6.777 47.683
6.787 48.1212
6.797 48.5677
6.807 49.0215
6.817 49.4828
6.827 49.9524
6.837 50.4358
6.847 50.9325
6.857 51.4433
6.867 51.969
6.877 52.5103
6.887 53.0678
6.897 53.6413
6.907 54.2305
6.917 54.8367
6.927 55.4588
6.93701 56.0975
6.94701 56.7513
6.95701 57.4181
6.96701 58.0971
6.97701 58.7876
6.98701 59.4907
6.99701 60.2065
7.00701 60.9342
7.01701 61.6747
7.02701 62.4306
7.03701 63.1982
7.04701 63.9787
7.05701 64.7703
7.06701 65.5703
7.07701 66.3819
7.08701 67.2005
7.09701 68.0282
7.10701 68.8644
7.11701 69.7065
7.12701 70.5617
7.13701 71.4211
7.14701 72.2913
7.15701 73.1686
7.16701 74.0533
7.17701 74.9428
7.18701 75.8345
7.19701 76.7424
7.20701 77.6487
