6.717 11.9426
6.727 12.9819
6.737 14.0138
6.747 15.0009
6.757 15.9952
6.767 16.9287
6.777 17.8225
6.787 18.6519
6.797 19.4245
6.807 20.1716
6.817 20.9269
6.827 21.7227
6.837 22.7297
6.847 23.7239
6.857 24.7716
6.867 25.8553
6.877 26.9867
6.887 28.1499
6.897 29.3311
6.907 30.5112
6.917 31.7592
6.927 32.9832
6.93701 34.2525
6.94701 35.4849
6.95701 36.658
6.96701 37.8151
6.97701 38.9629
6.98701 40.1586
6.99701 41.375
7.00701 42.5751
7.01701 43.8237
7.02701 45.172
7.03701 46.4104
7.04701 47.7026
7.05701 48.9417
7.06701 50.0984
7.07701 51.3822
7.08701 52.5058
7.09701 53.7153
7.10701 54.9164
7.11701 56.0297
7.12701 57.4097
7.13701 58.485
7.14701 59.7999
7.15701 60.9915
7.16701 62.2071
7.17701 63.3333
7.18701 64.3717
7.19701 65.9148
7.20701 66.8394
