11 277.198
11.005 276.733
11.01 276.67
11.015 276.518
11.02 277.19
11.025 277.143
11.03 277.394
11.035 277.224
11.04 277.053
11.045 276.266
11.05 276.322
11.055 275.639
11.06 275.077
11.065 275.342
11.07 274.78
11.075 274.728
11.08 274.657
11.085 275.309
11.09 275.466
11.095 275.095
11.1 275.041
11.105 275.163
11.11 274.596
11.115 273.8
11.12 273.178
11.125 273.121
11.13 272.976
11.135 273.006
11.14 272.224
11.145 271.829
11.15 270.585
11.155 270.207
11.16 269.684
11.165 269.198
11.17 268.141
11.175 267.887
11.18 267.465
11.185 266.551
11.19 265.808
11.195 265.297
11.2 264.912
11.205 263.782
11.21 262.97
11.215 261.647
11.22 261.154
11.225 260.425
11.23 259.077
11.235 257.989
11.24 257.518
11.245 256.572
11.25 256.075
11.255 255.39
11.26 254.974
11.265 254.213
11.27 253.607
11.275 253.297
11.28 252.583
11.285 251.389
11.29 250.326
11.295 249.369
11.3 248.305
11.305 247.722
11.31 246.577
11.315 245.752
11.32 244.206
11.325 242.924
11.33 241.134
11.335 239.985
11.34 238.591
11.345 237.655
11.35 236.687
11.355 236.009
11.36 234.641
11.365 233.777
11.37 232.869
